UUNITS = MILLIMETERS
S1                   38.1000       69.3420       90    SWITCH1             
U10                  18.0340       46.2280      270    USB-B               
U8                   52.0700       27.6860        0    M25P80              
C1                   90.9320       55.3720        0    0805                
C10                  89.1540       82.5500      180    0603                
C11                  85.8520       68.3260      270    0603                
C12                  82.5500       68.3260       90    0603                
C13                  77.7240       80.5180      180    0603                
C14                  78.7400       68.3260       90    0603                
C16                  76.7080       68.3260      270    0603                
C18                  75.4380       12.7000        0    0603                
C19                  75.4380       23.3680      180    0603                
C2                   90.4240       53.3400        0    0603                
C21                  78.4860       28.9560      270    0603                
C23                  37.8460       18.5420        0    0603                
C3                   90.4240       51.5620        0    0603                
C30                  30.7340       10.9220      180    0603                
C31                  23.3680       21.5900       90    0603                
C32                  25.6540       21.5900       90    0603                
C35                  43.4340       26.9240       90    0603                
C37                  55.3720       36.0680      270    0603                
C38                  26.9240       56.3880      180    0603                
C39                  43.1800       39.1160      270    0603                
C4                   87.6300       61.7220      270    0603                
C40                  54.8640       39.1160      270    0603                
C41                  66.2940       58.4200        0    0603                
C42                  58.6740       63.2460       90    0603                
C43                  51.5620       63.2460       90    0603                
C48                  26.9240       48.7680      180    0603                
C49                  64.7700       46.2280        0    0603                
C5                   85.8520       61.7220      270    0603                
C50                  60.1980       63.2460       90    0603                
C55                  26.9240       50.5460      180    0603                
C56                  53.0860       39.1160      270    0603                
C57                  66.2940       55.3720        0    0603                
C58                  55.1180       63.2460       90    0603                
C6                   87.3760       45.4660       90    0603                
C60                  6.3500        82.8040      270    0603                
C61                  26.4160       68.8340        0    0603                
C63                  18.7960       69.0880      270    0603                
C64                  30.7340       72.6440      180    0603                
C65                  36.3220       87.8840        0    0603                
C66                  10.4140       82.8040      270    0603                
C67                  8.3820        82.8040      270    0603                
C69                  19.8120       91.1860        0    0603                
C7                   89.1540       45.4660       90    0603                
C71                  22.8600       92.9640        0    0603                
C72                  26.4160       92.9640        0    0603                
C73                  26.4160       91.1860        0    0603                
C75                  18.5420       78.2320        0    0603                
C76                  18.5420       73.6600      180    0603                
C77                  8.6360        69.5960        0    0603                
C78                  52.8320       87.8840        0    0603                
C79                  36.3220       89.9160        0    0603                
C8                   85.5980       45.4660      270    0603                
C9                   79.2480       49.7840      180    0603                
C15                  77.9780       74.9300      270    0603                
C17                  75.4380       14.9860        0    0603                
C20                  75.4380       21.3360      180    0603                
C22                  92.7100       31.7500      270    0603                
C24                  45.4660       16.7640      270    0603                
C25                  47.2440       16.7640      270    0603                
C26                  26.4160       11.6840      270    0805                
C27                  23.8760       11.6840      270    0805                
C33                  25.1460       29.4640      270    0805                
C34                  40.8940       26.1620      270    0805                
C36                  69.8500       27.1780       90    0805                
C28                  46.7360       11.1760        0    0603                
C29                  46.7360        9.3980        0    0603                
C44                  26.9240       54.3560      180    0603                
C45                  44.9580       39.1160      270    0603                
C46                  66.2940       59.9440        0    0603                
C47                  53.3400       63.2460       90    0603                
C51                  26.9240       52.5780      180    0603                
C52                  51.3080       39.1160      270    0603                
C53                  66.2940       56.8960        0    0603                
C54                  56.8960       63.2460       90    0603                
C59                  26.4160       70.6120        0    0603                
C62                  20.5740       69.0880      270    0603                
C68                  19.8120       92.9640        0    0603                
C70                  22.8600       91.1860        0    0603                
C74                  8.6360        67.8180      180    0603                
D1                   43.6880       16.7640      270    0603                
D2                   24.3840       60.7060        0    0603                
D3                   56.8960       76.4540        0    0603                
D4                   47.4980       39.1160       90    0603                
D5                   70.3580       60.9600        0    0603                
D6                   60.7060       37.0840        0    0603                
D7                   64.7700       51.0540      180    0603                
IC1                  83.8200       54.3560      270    AD7961              
IC2                  84.8360       74.9300      270    ADA4932             
IC3                  45.9740       51.8160        0    XCS200A             
IC4                  27.9400       80.0100        0    FT232H              
J1                   73.9140       31.4960      135    HEADER1             
J2                   71.6280       54.1020       90    HEADER1             
J3                   71.6280       48.2600       90    HEADER1             
J4                   74.9300       41.9100      135    HEADER1             
J5                   82.2960       90.6780      180    HEADER1             
J10                  47.7520       91.9480        0    HEADER4X1           
J6                   90.1700       90.6780      180    SMB                 
J7                   70.8660       90.6780      180    SMB                 
J8                   67.8180       73.1520       90    HEADER2             
J9                   59.6900       71.1200      180    HEADER4X2           
L1                   59.6900       12.4460      270    INDU127             
L2                   26.4160       67.0560      180    0603                
L3                   17.2720       69.0880       90    0603                
P1                   3.5560        13.2080        0    DC12                
R1                   84.0740       61.7220       90    0603                
R10                  84.0740       68.3260      270    0603                
R16                  80.2640       68.3260      270    0603                
R11                  85.8520       82.5500      180    0603                
R12                  85.8520       80.7720        0    0603                
R14                  80.7720       83.5660        0    0603                
R15                  80.7720       82.0420      180    0603                
R13                  77.7240       83.5660        0    0603                
R17                  75.9460       74.9300      270    0603                
R18                  77.7240       82.0420      180    0603                
R2                   75.4380       63.2460        0    0603                
R29                  56.8960       74.4220        0    0603                
R3                   75.4380       61.4680        0    0603                
R4                   75.4380       59.9440        0    0603                
R44                  32.2580       59.9440      270    0603                
R45                  30.2260       59.9440      270    0603                
R46                  65.7860       66.5480      270    0603                
R48                  63.7540       66.5480       90    0603                
R5                   75.4380       58.1660        0    0603                
R6                   75.4380       34.7980      135    0603                
R8                   89.1540       84.0740      180    0603                
R9                   85.8520       84.0740        0    0603                
R19                  75.4380       10.9220        0    0603                
R20                  75.4380       19.3040      180    0603                
R21                  75.4380        8.8900      180    0603                
R22                  75.4380       17.2720        0    0603                
R24                  49.0220       16.7640      270    0603                
R32                  26.9240       46.7360        0    0603                
R33                  26.9240       44.9580        0    0603                
R34                  34.5440       39.8780        0    0603                
R35                  34.5440       35.5600        0    0603                
R36                  34.5440       37.5920        0    0603                
R37                  53.3400       36.0680       90    0603                
R52                  17.5260       87.1220       90    0603                
R53                  19.3040       87.1220       90    0603                
R58                  18.5420       80.5180        0    0603                
R59                  18.5420       82.5500        0    0603                
R23                  30.7340       14.9860        0    0603                
R25                  46.7360        7.6200      180    0603                
R26                  30.7340       12.9540      180    0603                
R27                  46.7360        5.5880        0    0603                
R28                  24.3840       62.7380        0    0603                
R30                  49.0220       39.1160      270    0603                
R31                  70.3580       62.7380        0    0603                
R60                  18.5420       75.9460        0    0603                
R38                  46.2280       35.3060      270    0603                
R39                  57.4040       36.0680      270    0603                
R43                  63.5000       42.9260       90    0603                
R47                  61.2140       42.9260      270    0603                
R54                  20.5740       60.7060        0    0603                
R55                  20.5740       62.7380        0    0603                
R40                  65.5320       42.9260      270    0603                
R41                  42.1640       63.5000       90    0603                
R42                  64.7700       48.0060        0    0603                
R49                  43.9420       63.5000       90    0603                
R50                  60.7060       35.3060        0    0603                
R51                  64.7700       49.5300      180    0603                
R56                  22.3520       69.0880       90    0603                
R57                  8.6360        65.5320      180    0603                
R7                   75.1840       55.3720      270    0603                
U1                   86.6140       11.9380        0    SOIC127P600X175-8N  
U2                   86.6140       21.5900        0    SOIC127P600X175-8N  
U11                  42.4180       81.7880       90    74LCT125            
U12                  54.1020       81.7880       90    74LCT125            
U3                   86.3600       32.0040        0    SOIC127P600X175-8N  
U4                   38.1000       12.7000        0    SOIC127P600X175-8N  
U5                   16.7640       27.6860       90    AMS1117             
U6                   33.7820       27.6860       90    AMS1117             
U7                   63.2460       27.4320       90    AMS1117             
U9                   10.9220       89.4080      180    93C46               
XTAL1                9.6520        76.7080       90    CO4305              
