(DEVICE FILE: FT232H)

PACKAGE FT232H
CLASS IC
PINCOUNT 48

PINORDER FT232H  12 11 10 9 8 7 6 5 4 3,
 2 1 13 48 17 16 15 14 47 46,
 45 44 20 19 18 43 42 41 24 23,
 22 21 40 39 38 37 25 28 27 26,
 29 32 31 30 35 34 33 36

PINSWAP FT232H  12 11 10 9 8 7 6 5 4 3,
 2 1 13 48 17 16 15 14 47 46,
 45 44 20 19 18 43 42 41 24 23,
 22 21 40 39 38 37 25 28 27 26,
 29 32 31 30 35 34 33 36

FUNCTION FT232H FT232H  12 11 10 9 8 7 6 5 4 3,
 2 1 13 48 17 16 15 14 47 46,
 45 44 20 19 18 43 42 41 24 23,
 22 21 40 39 38 37 25 28 27 26,
 29 32 31 30 35 34 33 36

END
